由Pearson系数矩阵可得，相关性最强的5对股票的Pearson相关系数及其p值为：
 股票A  股票B   Pearson系数   p值
000069 000046 0.9494846389 0.00000
000046 000006 0.9464481050 0.00000
000567 000025 0.9270517821 0.00000
000069 000006 0.9150686815 0.00000
000708 000059 0.9061597117 0.00000
由Pearson系数矩阵可得，相关性最弱的5对股票的Pearson相关系数及其p值为：
 股票A  股票B   Pearson系数   p值
000632 000525 -0.0002854860 0.98493
000090 000049 0.0006476817 0.96622
000661 000521 -0.0008275803 0.95648
000661 000601 0.0010438976 0.94526
000425 000036 -0.0016803145 0.91267
由Spearman系数矩阵可得，相关性最强的5对股票的Spearman相关系数及其p值为：
 股票A  股票B   Spearman系数   p值
000661 000028 0.9615927289 0.00000
000567 000025 0.9431301024 0.00000
000418 000025 0.9360251005 0.00000
000661 000423 0.9311030785 0.00000
000702 000421 0.9308496460 0.00000
由Spearman系数矩阵可得，相关性最强的5对股票的Spearman相关系数及其p值为：
 股票A  股票B   Spearman系数   p值
000667 000567 -0.0003678320 0.98060
000538 000078 -0.0003988047 0.97923
000088 000001 -0.0006760492 0.96482
000667 000418  0.0007418725 0.96119
000544 000425 -0.0013241253 0.93133
